Table 43: Selling Conditions for Houses
Month,Year,Good time to Sell,Uncertain / Depends,Bad time to Sell,Relative,
1,2000,62,11,27,135,
2,2000,64,9,27,137,
3,2000,68,9,23,145,
4,2000,66,10,24,142,
5,2000,73,8,19,154,
6,2000,72,7,21,151,
7,2000,73,7,20,153,
8,2000,66,8,26,140,
9,2000,65,6,29,136,
10,2000,64,9,27,137,
11,2000,67,7,26,141,
12,2000,59,7,34,125,
1,2001,61,8,31,130,
2,2001,62,9,29,133,
3,2001,63,7,30,133,
4,2001,59,8,33,126,
5,2001,64,12,24,140,
6,2001,62,9,29,133,
7,2001,61,11,28,133,
8,2001,62,9,29,133,
9,2001,50,10,40,110,
10,2001,43,12,45,98,
11,2001,40,7,53,87,
12,2001,49,7,44,105,
1,2002,47,10,43,104,
2,2002,45,8,47,98,
3,2002,54,9,37,117,
4,2002,54,14,32,122,
5,2002,58,9,33,125,
6,2002,58,10,32,126,
7,2002,58,10,32,126,
8,2002,55,11,34,121,
9,2002,60,10,30,130,
10,2002,48,15,37,111,
11,2002,54,12,34,120,
12,2002,54,11,35,119,
1,2003,54,8,38,116,
2,2003,59,7,34,125,
3,2003,53,9,38,115,
4,2003,54,9,37,117,
5,2003,61,7,32,129,
6,2003,60,5,35,125,
7,2003,62,8,30,132,
8,2003,64,6,30,134,
9,2003,61,8,31,130,
10,2003,61,7,32,129,
11,2003,65,5,30,135,
12,2003,66,5,29,137,
1,2004,63,6,31,132,
2,2004,64,6,30,134,
3,2004,73,4,23,150,
4,2004,68,5,27,141,
5,2004,73,4,23,150,
6,2004,73,6,21,152,
7,2004,70,6,24,146,
8,2004,68,6,26,142,
9,2004,65,8,27,138,
10,2004,65,7,28,137,
11,2004,68,6,26,142,
12,2004,63,6,31,132,
1,2005,66,5,29,137,
2,2005,68,9,23,145,
3,2005,67,8,25,142,
4,2005,69,7,24,145,
5,2005,74,5,21,153,
6,2005,71,6,23,148,
7,2005,71,4,25,146,
8,2005,75,5,20,155,
9,2005,71,6,23,148,
10,2005,70,6,24,146,
11,2005,68,2,30,138,
12,2005,64,3,33,131,
1,2006,59,4,37,122,
2,2006,68,3,29,139,
3,2006,64,5,31,133,
4,2006,63,6,31,132,
5,2006,58,4,38,120,
6,2006,56,6,38,118,
7,2006,51,8,41,110,
8,2006,43,4,53,90,
9,2006,41,5,54,87,
10,2006,38,3,59,79,
11,2006,27,2,71,56,
12,2006,30,5,65,65,
1,2007,29,6,65,64,
2,2007,32,4,64,68,
3,2007,36,3,61,75,
4,2007,30,4,66,64,
5,2007,31,4,65,66,
6,2007,34,4,62,72,
7,2007,30,2,68,62,
8,2007,24,2,74,50,
9,2007,21,2,77,44,
10,2007,13,3,84,29,
11,2007,12,3,85,27,
12,2007,14,2,84,30,
1,2008,11,1,88,23,
2,2008,9,2,89,20,
3,2008,9,3,88,21,
4,2008,7,3,90,17,
5,2008,9,2,89,20,
6,2008,8,1,91,17,
7,2008,6,3,91,15,
8,2008,8,2,90,18,
9,2008,7,1,92,15,
10,2008,6,3,91,15,
11,2008,4,1,95,9,
12,2008,4,0,96,8,
1,2009,4,1,95,9,
2,2009,3,2,95,8,
3,2009,4,0,96,8,
4,2009,6,1,93,13,
5,2009,7,2,91,16,
6,2009,8,1,91,17,
7,2009,6,3,91,15,
8,2009,5,1,94,11,
9,2009,9,1,90,19,
10,2009,8,1,91,17,
11,2009,7,2,91,16,
12,2009,6,1,93,13,
1,2010,8,1,91,17,
2,2010,7,2,91,16,
3,2010,8,2,90,18,
4,2010,9,3,88,21,
5,2010,11,3,86,25,
6,2010,11,1,88,23,
7,2010,11,2,87,24,
8,2010,8,1,91,17,
9,2010,6,1,93,13,
10,2010,3,2,95,8,
11,2010,9,1,90,19,
12,2010,6,2,92,14,
1,2011,6,2,92,14,
2,2011,8,1,91,17,
3,2011,6,2,92,14,
4,2011,7,0,93,14,
5,2011,7,2,91,16,
6,2011,8,2,90,18,
7,2011,6,1,93,13,
8,2011,8,0,92,16,
9,2011,8,1,91,17,
10,2011,6,1,93,13,
11,2011,7,1,92,15,
12,2011,9,0,91,18,
1,2012,8,0,92,16,
2,2012,8,1,91,17,
3,2012,7,1,92,15,
4,2012,10,2,88,22,
5,2012,11,1,88,23,
6,2012,11,2,87,24,
7,2012,12,2,86,26,
8,2012,12,1,87,25,
9,2012,16,3,81,35,
10,2012,17,2,81,36,
11,2012,16,3,81,35,
12,2012,17,3,80,37,
1,2013,22,2,76,46,
2,2013,22,4,74,48,
3,2013,27,1,72,55,
4,2013,34,5,61,73,
5,2013,29,4,67,62,
6,2013,37,4,59,78,
7,2013,36,4,60,76,
8,2013,40,5,55,85,
9,2013,39,3,58,81,
10,2013,40,5,55,85,
11,2013,33,3,64,69,
12,2013,38,5,57,81,
1,2014,41,5,54,87,
2,2014,42,4,54,88,
3,2014,37,3,60,77,
4,2014,40,4,56,84,
5,2014,44,4,52,92,
6,2014,49,6,45,104,
7,2014,42,7,51,91,
8,2014,49,4,47,102,
9,2014,49,3,48,101,
10,2014,42,4,54,88,
11,2014,45,6,49,96,
12,2014,49,4,47,102,
1,2015,53,3,44,109,
2,2015,53,5,42,111,
3,2015,51,3,46,105,
4,2015,58,3,39,119,
5,2015,54,6,40,114,
6,2015,58,5,37,121,
7,2015,57,3,40,117,
8,2015,60,4,36,124,
9,2015,54,6,40,114,
10,2015,56,4,40,116,
11,2015,56,5,39,117,
12,2015,53,3,44,109,
1,2016,58,2,40,118,
2,2016,61,4,35,126,
3,2016,59,1,40,119,
4,2016,57,2,41,116,
5,2016,64,3,33,131,
6,2016,60,6,34,126,
7,2016,63,4,33,130,
8,2016,69,2,29,140,
9,2016,61,5,34,127,
10,2016,59,3,38,121,
11,2016,59,4,37,122,
12,2016,59,4,37,122,
1,2017,63,5,32,131,
2,2017,64,3,33,131,
3,2017,69,4,27,142,
4,2017,69,4,27,142,
5,2017,73,3,24,149,
6,2017,69,5,26,143,
7,2017,70,4,26,144,
8,2017,70,3,27,143,
9,2017,70,5,25,145,
10,2017,71,4,25,146,
11,2017,68,4,28,140,
12,2017,67,4,29,138,
1,2018,66,6,28,138,
2,2018,73,3,24,149,
3,2018,77,3,20,157,
4,2018,72,3,25,147,
5,2018,76,3,21,155,
6,2018,75,4,21,154,
7,2018,77,2,21,156,
8,2018,73,5,22,151,
9,2018,72,6,22,150,
10,2018,72,6,22,150,
11,2018,72,4,24,148,
12,2018,69,3,28,141,
1,2019,64,5,31,133,
2,2019,69,3,28,141,
3,2019,71,5,24,147,
4,2019,75,4,21,154,
5,2019,76,3,21,155,
6,2019,76,5,19,157,
7,2019,73,3,24,149,
8,2019,78,2,20,158,
9,2019,74,5,21,153,
10,2019,76,5,19,157,
11,2019,72,2,26,146,
12,2019,76,4,20,156,
1,2020,74,3,23,151,
2,2020,74,3,23,151,
3,2020,68,3,29,139,
4,2020,29,2,69,60,
5,2020,29,3,68,61,
6,2020,39,3,58,81,
7,2020,47,3,50,97,
8,2020,55,2,43,112,
9,2020,60,4,36,124,
10,2020,60,3,37,123,
11,2020,61,3,36,125,
12,2020,58,2,40,118,
1,2021,60,3,37,123,
2,2021,65,2,33,132,
3,2021,70,1,29,141,
4,2021,73,3,24,149,
5,2021,80,2,18,162,
6,2021,79,2,19,160,
7,2021,79,2,19,160,
8,2021,83,2,15,168,
9,2021,78,3,19,159,
10,2021,80,2,18,162,
11,2021,81,2,17,164,
12,2021,81,3,16,165,
1,2022,79,3,18,161,
2,2022,82,4,14,168,
3,2022,79,3,18,161,
4,2022,80,3,17,163,
5,2022,78,5,17,161,
6,2022,79,2,19,160,
7,2022,70,3,27,143,
8,2022,69,2,29,140,
9,2022,68,3,29,139,
10,2022,59,4,37,122,
11,2022,56,1,43,113,
12,2022,54,2,44,110,
1,2023,53,3,44,110,
2,2023,50,5,45,105,
3,2023,61,2,37,124,
4,2023,58,4,38,120,
5,2023,55,4,41,114,
6,2023,60,5,35,125,
7,2023,59,4,37,122,
